9.4200E-03	0.49
9.4200E-03	0.25
9.6580E-03	0.0198
1.0137E-02	0.0156
1.0731E-02	0.49
1.0731E-02	0.97
1.0839E-02	4.4
1.0839E-02	8.6
1.1016E-02	0.0382
1.1130E-02	0.341
1.1598E-02	0.0292
1.1712E-02	0.059
1.1712E-02	0.083
1.1726E-02	0.26
1.2085E-02	0.0055
1.2480E-02	0.137
1.2480E-02	0.07
1.2691E-02	0.54
1.2691E-02	2.2
1.2823E-02	0.0055
1.2855E-02	0.008
1.2967E-02	1.1
1.2967E-02	2.15
1.3023E-02	2.5
1.3023E-02	3.53
1.3084E-02	0.015
1.3211E-02	0.63
1.3211E-02	2.6
1.3328E-02	0.085
1.3393E-02	0.15
1.3393E-02	0.299
1.3443E-02	0.228
1.3520E-02	0.00438
1.3635E-02	0.017
1.3778E-02	0.0127
1.3898E-02	0.0062
1.4066E-02	0.067
1.4316E-02	0.323
1.4519E-02	0.0067
1.4564E-02	0.0111
1.5247E-02	0.53
1.5247E-02	0.75
1.5582E-02	0.19
1.5582E-02	0.76
1.5685E-02	0.097
1.5685E-02	0.137
1.5709E-02	0.23
1.5709E-02	0.94
1.5742E-02	0.049
1.6077E-02	0.0053
1.6203E-02	0.0095
1.6213E-02	0.0063
1.6770E-02	0.072
1.7104E-02	0.0023
1.7258E-02	0.0025
1.7280E-02	0.0147
4.6539E-02	4.25
5.3228E-02	1.2
7.4138E-02	0.0081
7.4815E-02	4.8
7.6172E-02	0.0041
7.6863E-02	0.582
7.7107E-02	8
7.9290E-02	0.98
8.0349E-02	0.000421
8.1069E-02	0.192
8.3787E-02	0.319
8.6830E-02	1
8.7349E-02	1.8
8.7892E-02	0.055
8.9256E-02	0.116
8.9784E-02	0.67
8.9807E-02	0.222
9.0074E-02	0.17
9.0363E-02	0.0069
9.2317E-02	0.082
9.2618E-02	0.023
9.4247E-02	0.038
9.4868E-02	0.0726
9.5449E-02	0.00238
9.7530E-02	0.0272
9.7853E-02	0.0088
1.0722E-01	0.015
1.3745E-01	0.006
1.4130E-01	0.004
1.7007E-01	0.032
1.8621E-01	3.59
1.9620E-01	0.069
2.0568E-01	0.0115
2.1647E-01	0.022
2.3840E-01	0.015
2.4200E-01	7.43
2.5887E-01	0.524
2.6227E-01	0.005
2.7380E-01	0.15
2.7480E-01	0.474
2.8095E-01	0.06
2.9522E-01	19.3
2.9876E-01	0.02
3.0526E-01	0.031
3.1432E-01	0.078
3.2383E-01	0.028
3.3331E-01	0.08
3.4892E-01	0.12
3.5190E-01	0.07
3.5193E-01	37.6
3.5600E-01	0.007
3.6347E-01	0.0078
3.7559E-01	0.0046
3.8677E-01	0.31
3.8888E-01	0.37
3.9405E-01	0.0148
3.9601E-01	0.029
4.0574E-01	0.17
4.1460E-01	0.0003
4.3934E-01	0.012
4.4937E-01	0.00019
4.5292E-01	0.031
4.5477E-01	0.3
4.6100E-01	0.053
4.6200E-01	0.221
4.6976E-01	0.129
4.7441E-01	0.11
4.8043E-01	0.32
4.8592E-01	0.022
4.8709E-01	0.422
4.8795E-01	0.028
4.9420E-01	0.012
4.9690E-01	0.0069
5.0196E-01	0.018
5.1100E-01	0.032
5.1100E-01	0.076
5.1990E-01	0.016
5.2460E-01	0.017
5.2800E-01	0.004
5.3366E-01	0.186
5.3677E-01	0.068
5.3841E-01	0.02
5.4300E-01	0.084
5.4381E-01	0.069
5.7276E-01	0.074
5.8013E-01	0.352
5.9523E-01	0.017
6.0000E-01	0.008
6.0066E-01	0.00049
6.0931E-01	46.1
6.1573E-01	0.06
6.1700E-01	0.034
6.2640E-01	0.005
6.3079E-01	0.018
6.3314E-01	0.055
6.3472E-01	0.0065
6.3967E-01	0.03
6.4918E-01	0.06
6.5870E-01	0.015
6.6110E-01	0.047
6.6545E-01	1.46
6.7741E-01	0.006
6.8322E-01	0.081
6.8760E-01	0.0069
6.9330E-01	0.006
6.9790E-01	0.051
6.9982E-01	0.016
7.0311E-01	0.472
7.0490E-01	0.047
7.0880E-01	0.017
7.1067E-01	0.075
7.1986E-01	0.379
7.2298E-01	0.035
7.3380E-01	0.043
7.4073E-01	0.04
7.5284E-01	0.13
7.6596E-01	0.078
7.6836E-01	4.94
7.6970E-01	0.03
7.8596E-01	1.07
7.8610E-01	0.31
7.8860E-01	0.015
7.9970E-01	0.0104
8.0310E-01	0.00121
8.0617E-01	1.22
8.1500E-01	0.038
8.2118E-01	0.158
8.2630E-01	0.11
8.3239E-01	0.028
8.3904E-01	0.587
8.4040E-01	0.009
8.4716E-01	0.026
8.7307E-01	0.018
8.7803E-01	0.012
9.0429E-01	0.085
9.1574E-01	0.026
9.1780E-01	0.005
9.3020E-01	0.033
9.3406E-01	3.03
9.3410E-01	0.05
9.3450E-01	0.01
9.3865E-01	0.013
9.3960E-01	0.018
9.4334E-01	0.017
9.4980E-01	0.0055
9.5220E-01	0.006
9.6161E-01	0.012
9.6408E-01	0.362
9.6500E-01	0.01
9.7618E-01	0.019
9.8934E-01	0.01
9.9149E-01	0.01
1.0138E+00	0.0083
1.0210E+00	0.014
1.0324E+00	0.078
1.0333E+00	0.024
1.0380E+00	0.0083
1.0456E+00	0.026
1.0520E+00	0.315
1.0672E+00	0.027
1.0700E+00	0.275
1.1036E+00	0.1
1.1048E+00	0.077
1.1189E+00	0.04
1.1203E+00	15.1
1.1303E+00	0.04
1.1337E+00	0.248
1.1552E+00	1.63
1.1556E+00	0.016
1.1560E+00	0.007
1.1673E+00	0.012
1.1730E+00	0.051
1.2077E+00	0.451
1.2306E+00	0.015
1.2381E+00	5.79
1.2790E+00	0.012
1.2810E+00	1.43
1.2840E+00	0.011
1.2851E+00	0.017
1.3038E+00	0.112
1.3170E+00	0.08
1.3300E+00	0.011
1.3415E+00	0.022
1.3777E+00	4
1.3853E+00	0.757
1.3925E+00	0.019
1.4015E+00	1.27
1.4080E+00	2.15
1.4197E+00	0.0051
1.4709E+00	0.0092
1.4792E+00	0.051
1.5092E+00	2.11
1.5155E+00	0.0069
1.5385E+00	0.376
1.5433E+00	0.2
1.5832E+00	0.69
1.5947E+00	0.25
1.5950E+00	0.005
1.5980E+00	0.006
1.5993E+00	0.23
1.6363E+00	0.012
1.6370E+00	0.006
1.6570E+00	0.046
1.6613E+00	1.15
1.6658E+00	0.0083
1.6840E+00	0.216
1.7110E+00	0.0018
1.7296E+00	2.92
1.7514E+00	0.0009
1.7645E+00	15.4
1.8137E+00	0.011
1.8384E+00	0.36
1.8474E+00	2.11
1.8732E+00	0.219
1.8903E+00	0.08
1.8959E+00	0.16
1.8987E+00	0.057
1.9355E+00	0.041
1.9946E+00	0.005
2.0108E+00	0.047
2.0216E+00	0.02
2.0529E+00	0.069
2.0851E+00	0.0091
2.0897E+00	0.05
2.1099E+00	0.088
2.1186E+00	1.14
2.1200E+00	0.007
2.1479E+00	0.014
2.1604E+00	0.0018
2.1765E+00	0.0032
2.1926E+00	0.034
2.2042E+00	5.08
2.2516E+00	0.0055
2.2603E+00	0.0087
2.2665E+00	0.018
2.2709E+00	0.0013
2.2843E+00	0.0051
2.2877E+00	0.0046
2.2934E+00	0.305
2.3102E+00	0.0014
2.3124E+00	0.009
2.3193E+00	0.0004
2.3250E+00	0.0017
2.3313E+00	0.0221
2.3480E+00	0.00014
2.3535E+00	0.0004
2.3610E+00	0.0017
2.3690E+00	0.0027
2.3769E+00	0.0088
2.3908E+00	0.0016
2.4051E+00	0.00041
2.4233E+00	0.0046
2.4447E+00	0.008
2.4479E+00	1.57
2.5054E+00	0.0057
2.5507E+00	0.00046
2.5620E+00	0.00018
2.5640E+00	0.00014
2.6045E+00	0.0004
2.6309E+00	0.0008
2.6624E+00	0.0003
2.6947E+00	0.031
2.6994E+00	0.0028
2.7193E+00	0.0018
2.7699E+00	0.025
2.7859E+00	0.0055
2.8270E+00	0.0023
2.8280E+00	0.0015
2.8611E+00	0.00038
2.8803E+00	0.0092
2.8935E+00	0.006
2.9219E+00	0.014
2.9286E+00	0.0011
2.9346E+00	0.00046
2.9789E+00	0.0138
3.0000E+00	0.0088
3.0539E+00	0.021
3.0817E+00	0.0048
3.0940E+00	0.00044
3.1426E+00	0.0012
3.1606E+00	0.00032
3.1836E+00	0.00129
